12-MAR-25|6515|1335|4400004631|R|5|0|28.45
12-MAR-25|6517|3870|3800030679|R|6|0|18
12-MAR-25|6517|3870|3940001594|R|7|0|23.03
12-MAR-25|6519|3350|2840000256|R|50|0|25
12-MAR-25|6517|3870|7017722503|R|3|0|20.97
12-MAR-25|6517|3870|7030302208|R|3|0|7.47
12-MAR-25|6519|3350|4319423767|R|2|0|5.98
12-MAR-25|6515|1335|4400006924|R|3|0|12.87
12-MAR-25|6520|1338|1980040109|R|7|0|76.93
12-MAR-25|6520|1338|2100000860|A|12|0|15
12-MAR-25|6520|1338|2100060471|A|5|0|37.45
12-MAR-25|6520|1338|2100061218|R|8|0|51.92
12-MAR-25|6517|3870|69863908001|R|3|0|17.37
12-MAR-25|6517|3870|70592800816|R|1|0|13.99
12-MAR-25|6519|3350|986023|A|183|0|-91.5
12-MAR-25|6515|1335|21766100000|R|125|125|436.25
12-MAR-25|6515|1335|22202400000|R|17|32.92|821.93
12-MAR-25|229|383|4157005982|R|3|0|10.02
12-MAR-25|229|383|6414404302|A|29|0|25
12-MAR-25|229|383|7020083777|R|6|0|47.94
12-MAR-25|229|383|7047049662|A|7|0|38.43
12-MAR-25|229|383|7056086301|R|5|0|15
12-MAR-25|229|383|7056097806|R|13|0|39
12-MAR-25|229|383|7756760332|R|9|0|44.91
12-MAR-25|249|7672|9628|R|7|0|0
12-MAR-25|440|306|920086202|R|1|0|4.99
12-MAR-25|515|307|7271400799|A|11|0|32.89
12-MAR-25|515|307|7321400171|R|1|0|3.19
12-MAR-25|440|306|2430004431|R|31|0|77.5
12-MAR-25|440|306|2500013642|R|6|0|20.94
12-MAR-25|440|306|2700044193|R|6|0|10
12-MAR-25|440|306|2700050006|R|5|0|7.5
12-MAR-25|230|3017|8787263336|R|4|0|51.96
12-MAR-25|6517|3870|3003491354|R|5|0|149.95
12-MAR-25|6515|1335|1600013978|R|3|0|9.87
12-MAR-25|6515|1335|1600014943|R|11|0|60.39
12-MAR-25|6515|1335|1600015087|R|6|0|29.94
12-MAR-25|6517|3870|3800027088|R|4|0|17.96
12-MAR-25|6515|1335|3003406902|R|6|0|10.14
12-MAR-25|6517|3870|7020085723|R|2|0|9.98
12-MAR-25|6517|3870|7056090161|R|3|0|10.47
12-MAR-25|6517|3870|8811015055|R|25|0|999.75
12-MAR-25|6517|3870|9504500007|R|104|0|82.16
12-MAR-25|6517|3870|30521235200|R|3|0|14.97
12-MAR-25|6517|3870|3003410609|R|11|0|19.69
12-MAR-25|6517|3870|3890003039|A|4|0|7
12-MAR-25|6517|3870|4000000263|R|17|0|33.83
12-MAR-25|6517|3870|4116400071|R|3|0|8.07
12-MAR-25|6515|1335|2840069735|A|1|0|.62
12-MAR-25|6515|1335|2840076644|R|6|0|82.14
12-MAR-25|6515|1335|3003400085|R|45|0|115.26
12-MAR-25|6515|1335|3022307467|R|2|0|6.68
12-MAR-25|6515|1335|7131400185|R|6|0|25.74
12-MAR-25|6514|2649|2100000870|A|17|0|21.25
12-MAR-25|6514|2649|2200002036|R|8|0|32.72
12-MAR-25|6517|3870|3003409677|R|6|0|41.94
12-MAR-25|6515|1335|9811155791|R|1|0|5.99
12-MAR-25|230|3017|19056952219|R|20|0|20
12-MAR-25|229|383|9070|R|195|0|1.95
12-MAR-25|229|383|9849|R|493|0|17158.76
12-MAR-25|230|3017|85005271130|R|2|0|10.98
12-MAR-25|465|301|4179060316|R|4|0|33.96
12-MAR-25|231|311|22784800000|R|4|4|31.96
12-MAR-25|231|311|25358400000|R|15|11.27|101.28
12-MAR-25|231|311|2400039342|R|7|0|20.93
12-MAR-25|231|311|2400050785|R|54|0|54
12-MAR-25|231|311|2700041916|R|11|0|13.75
12-MAR-25|465|301|63216911030|R|1|0|7.99
12-MAR-25|515|307|20787000000|R|11|11|54.89
12-MAR-25|231|311|7210620248|R|6|0|53.94
12-MAR-25|440|306|25319900000|R|18|61.64|183.43
12-MAR-25|515|307|1380044784|R|30|0|117.71
12-MAR-25|6514|2649|7027700008|R|3|0|17.97
12-MAR-25|6520|1338|72225206869|R|3|0|38.97
12-MAR-25|6517|3870|60265218403|R|3|0|14.07
12-MAR-25|6520|1338|2840051691|R|9|0|53.91
12-MAR-25|6520|1338|2840051784|R|9|0|65.61
12-MAR-25|6515|1335|7326000008|R|4|0|47.96
12-MAR-25|6520|1338|3077200179|R|3|0|4.5
12-MAR-25|6520|1338|21169600000|A|20|29.42|117.94
12-MAR-25|6520|1338|21556700000|R|7|7|48.93
12-MAR-25|6519|3350|7033073231|R|2|0|21.58
12-MAR-25|6520|1338|3003495428|R|35|0|122.15
12-MAR-25|6520|1338|4134|R|8|12.33|30.7
12-MAR-25|6520|1338|4364620758|R|1|0|6.99
12-MAR-25|6520|1338|22574000000|R|39|25.5|229.12
12-MAR-25|6520|1338|3022306200|R|8|0|26.7
12-MAR-25|6520|1338|7347200124|R|4|0|33.16
12-MAR-25|6513|1492|3003407477|R|21|0|20.79
12-MAR-25|6515|1335|71592318000|R|8|0|33.52
12-MAR-25|6515|1335|1370044455|R|1|0|13.99
12-MAR-25|229|383|61300871512|R|13|0|47.69
12-MAR-25|440|306|2400016719|R|11|0|29.59
12-MAR-25|440|306|2400056667|R|7|0|12.53
12-MAR-25|440|306|2430004538|R|24|0|60
12-MAR-25|440|306|2500004769|R|104|0|258.96
12-MAR-25|440|306|3003494004|R|14|0|53.06
12-MAR-25|440|306|4133500054|R|1|0|3.79
12-MAR-25|230|3017|4100000301|R|24|0|59.76
12-MAR-25|230|3017|79192804381|R|14|0|14
